1	180.2018
2	195.1734
3	166.1603
4	192.1943
5	194.2963
6	222.2649
7	218.2746
8	162.2114
9	165.1954
10	162.2114
11	235.2804
12	196.6564
13	243.2841
14	197.2373
15	158.1796
16	191.2095
17	202.2322
18	138.1469
19	126.1793
20	253.7078
21	202.1924
22	148.1848
23	176.238
24	125.1084
25	172.2062
26	184.2154
27	115.1136
28	192.2125
29	295.3803
30	195.1903
31	222.2385
32	115.1136
33	170.1391
34	271.2182
35	170.1391
36	246.245
37	180.2697
38	265.7416
39	225.2291
40	220.0701
41	177.1998
42	205.2593
43	207.1659
44	154.2324
45	235.219
46	212.6128
47	213.2581
48	250.2966
49	187.2208
50	169.2272
51	177.183
52	225.2688
53	219.2858
54	128.1521
55	176.2165
56	223.2945
57	156.1886
58	176.238
59	183.2107
60	190.2215
61	285.3176
62	216.2804
63	249.0352
64	176.1949
65	140.2059
66	221.2538
67	217.2468
68	219.2858
69	256.3458
70	212.6128
71	231.2472
72	270.1287
73	180.2018
74	166.1753
75	196.6564
76	301.7722
77	169.204
78	208.121
79	217.2899
80	171.1784
81	253.2509
82	181.2147
83	307.391
84	192.2804
85	212.2519
86	176.238
87	190.2431
88	130.168
89	232.2582
90	190.2431
91	183.2306
92	257.3338
93	289.3095
94	198.6293
95	251.3277
96	129.1402
97	169.204
98	179.1558
99	190.1817
100	224.2395
101	159.1677
102	307.7999
103	205.2361
104	233.2893
105	168.259
106	195.2413
107	152.1487
108	196.6134
109	141.174
110	183.2306
111	182.6299
112	162.2114
113	292.3366
114	178.1677
115	267.3271
116	198.2684
117	317.3858
118	247.0578
119	213.2566
120	196.6564
121	235.2604
122	139.135
123	226.0699
124	152.1487
125	170.1391
126	168.259
127	154.2324
128	166.1753
129	207.2089
130	126.1793
131	193.6127
132	260.0548
133	193.1824
134	156.2053
135	214.1486
136	228.2264
137	220.2077
138	213.2367
139	180.2498
140	218.1556
141	190.2215
142	210.6616
143	203.0483
144	245.3
145	205.2593
146	126.1362
147	266.339
148	157.1933
149	252.2909
150	233.2678
151	199.23
152	184.2154
153	168.2391
154	198.2419
155	157.1933
156	191.2095
157	223.2514
158	142.1787
159	226.2752
160	222.1805
161	186.5937
162	269.2056
163	190.2417
164	184.2169
165	241.1074
166	202.1562
167	165.1643
168	151.1887
169	152.1768
170	213.2367
171	182.6299
172	214.6469
173	257.2676
174	203.0483
175	126.1793
176	192.1943
177	176.238
178	238.2859
179	179.1909
180	231.2965
181	237.3011
182	168.259
183	241.1074
184	246.2847
185	238.266
186	246.3278
187	260.3113
188	212.6558
189	128.109
190	207.2951
191	152.1735
192	233.2893
193	183.2044
194	179.2419
195	259.3004
196	213.6008
197	180.2018
198	169.204
199	211.628
200	172.1833
201	248.3208
202	180.2018
203	148.1848
204	231.0447
205	241.654
206	205.2361
207	148.1848
208	164.1842
209	207.2089
210	166.2001
211	259.3066
212	230.2853
213	239.2954
214	140.2059
215	217.2038
216	162.2114
217	191.2095
218	242.2993
219	237.3011
220	251.3476
221	233.3124
222	154.2324
223	219.2858
224	177.183
225	205.2593
226	164.1842
227	217.2899
228	287.2607
229	154.1665
230	166.2034
231	228.2728
232	197.2572
233	152.1735
234	192.1943
235	141.194
236	219.2196
237	260.3113
238	260.0548
239	220.2044
240	192.2207
241	192.1943
242	222.2816
243	168.2391
244	211.628
245	194.2764
246	190.2431
247	150.1576
248	245.3431
249	176.1949
250	251.3476
251	165.2154
252	210.683
253	230.2625
254	208.2038
255	180.2697
256	158.2012
257	139.135
258	212.2701
259	166.2034
260	169.204
261	188.2487
262	205.1931
263	148.1848
264	196.1582
265	212.2486
266	244.3152
267	166.2034
268	167.1881
269	243.2841
270	270.2846
271	211.628
272	203.0483
273	195.1982
274	182.2428
275	223.2945
276	207.252
277	169.5913
278	188.2487
279	178.1677
280	222.2666
281	146.1689
282	166.2431
283	192.2605
284	167.2481
285	168.2391
286	146.1689
287	229.2608
288	234.1732
289	208.1937
290	212.2486
291	176.238
292	194.2284
293	192.1943
294	193.1824
295	281.3537
296	223.3176
297	255.3363
298	180.2018
299	198.2419
300	190.2645
301	162.2114
302	141.1509
303	165.2153
304	239.2739
305	231.2965
306	173.1943
307	169.204
308	217.2468
309	182.6299
310	245.3
311	180.2498
312	225.3103
313	220.3336
314	142.1787
315	259.2075
316	141.1509
317	142.1621
318	142.2217
319	186.5937
320	151.1887
321	201.2044
322	155.1774
323	192.1943
324	236.2932
325	231.1015
326	220.3336
327	194.2963
328	166.1753
329	127.1243
330	212.2189
331	206.2209
332	183.2737
333	182.6299
334	190.1986
335	217.2468
336	157.1933
337	193.1824
338	219.2196
339	186.5937
340	295.3803
341	204.2911
342	183.1115
343	148.1848
344	145.1396
345	232.2366
346	196.6564
347	198.222
348	154.2324
349	264.2585
350	194.2764
351	278.757
352	226.2752
353	176.238
354	205.1931
355	198.2022
356	233.1086
357	285.3176
358	223.2977
359	212.2486
360	216.2588
361	182.1665
362	213.2367
363	202.1562
364	218.2779
365	176.238
366	135.1463
367	237.321
368	210.3188
369	248.2609
370	233.2847
371	182.6299
372	212.2456
373	241.1074
374	263.2891
375	212.2701
376	220.2676
377	204.2314
378	237.7084
379	221.2587
380	205.2593
381	260.0548
382	246.3082
383	180.2018
384	269.7254
385	225.2904
386	179.1909
387	197.1462
388	234.3204
389	177.183
390	177.1998
391	254.3254
392	205.1931
393	174.2221
394	302.2137
395	205.2593
396	194.2565
397	247.6817
398	168.2391
399	226.6394
400	245.3
401	248.3271
402	194.2963
403	245.3216
404	183.1548
405	232.2582
406	295.3803
407	259.3066
408	205.2395
409	192.2374
410	299.2915
411	231.3165
412	233.1904
413	165.1723
414	143.1667
415	205.2099
416	203.0483
417	227.2632
418	212.2486
419	237.3011
420	307.391
421	168.6033
422	177.1998
423	169.5913
424	183.1548
425	202.1562
426	179.1909
427	182.2425
428	202.2752
429	245.2041
430	226.0699
431	198.2419
432	240.2042
433	142.1787
434	258.0518
435	202.6842
436	256.3259
437	162.2114
438	241.2898
439	184.2418
440	240.6659
441	168.196
442	281.3537
443	261.3458
444	282.7059
445	230.2093
446	233.3124
447	231.2965
448	128.1952
449	243.241
450	165.1643
451	126.1793
452	225.2904
453	202.1924
454	161.2004
455	191.1834
456	229.2608
457	193.1824
458	162.2114
459	176.1949
460	213.0543
461	149.1729
462	173.1943
463	244.3335
464	202.1924
465	218.063
466	206.2209
467	157.1933
468	226.6394
469	116.0983
470	216.2157
471	187.2377
472	196.6564
473	155.2006
474	231.1015
475	178.2538
476	220.2475
477	223.3176
478	225.2688
479	135.1463
480	246.2847
481	142.2217
482	150.1576
483	130.1249
484	193.2486
485	169.204
486	263.3384
487	247.3159
488	139.178
489	228.2728
490	303.308
491	191.2095
492	258.3601
493	168.259
494	278.3314
495	208.2038
496	154.2125
497	189.2105
498	225.6777
499	192.1714
500	211.2838
501	176.238
502	215.2309
503	268.287
504	228.2728
505	197.2572
506	165.1723
507	201.2044
508	217.2637
509	173.1943
510	235.6527
511	229.1984
512	275.326
513	240.2988
514	213.0543
515	125.1515
516	168.6033
517	142.1787
518	252.2942
519	218.2316
520	188.6576
521	221.2587
522	181.1717
523	257.3276
524	191.2095
525	196.6134
526	247.1537
527	254.3085
528	217.2468
529	150.1609
530	223.2745
531	177.2031
532	252.3125
533	257.7627
534	221.2355
535	162.1885
536	219.2858
537	389.1905
538	218.063
539	192.1943
540	162.2114
541	137.1622
542	291.3269
543	200.2594
544	198.6293
545	205.177
546	221.2538
547	239.3107
548	217.2468
549	264.2523
550	247.4993
551	208.2569
552	259.3266
553	219.2858
554	182.2856
555	259.3467
556	190.2645
557	293.3614
558	205.2361
559	220.2044
560	208.2831
561	132.7862
562	193.2685
563	134.1798
564	206.2209
565	151.1457
566	258.2908
567	246.6937
568	204.2481
569	154.2096
570	152.1304
571	173.2111
572	192.2407
573	212.6128
574	219.2627
575	181.2379
576	185.2465
577	171.1937
578	190.2645
579	237.2982
580	185.205
581	183.2537
582	271.0904
583	242.2993
584	192.2804
585	191.2095
586	157.1933
587	269.3247
588	217.2899
589	231.3165
590	213.6008
591	233.3095
592	232.2366
593	204.2514
594	140.123
595	259.3266
596	180.2018
597	227.2832
598	129.1402
599	168.259
600	249.2856
601	182.2657
602	262.3076
603	231.1015
604	213.275
605	263.2904
606	219.2627
607	251.3476
608	152.1506
609	205.2361
610	278.3497
611	240.325
612	261.0844
613	212.6128
614	213.6008
615	263.2924
616	169.2471
617	269.0778
618	206.2209
619	248.6912
620	183.2306
621	183.2107
622	164.1842
623	249.2456
624	198.2419
625	149.1729
626	207.2089
627	156.2053
628	195.1734
629	168.216
630	227.0809
631	157.1933
632	245.3431
633	183.0156
634	231.3165
635	241.0644
636	218.2734
637	248.2609
638	169.204
639	166.2431
640	257.3276
641	140.2059
642	245.3385
643	166.1753
644	271.3144
645	220.2475
646	270.3263
647	170.1391
648	221.3186
649	126.1793
650	284.396
651	154.1134
652	273.2543
653	168.2391
654	183.2309
655	240.2988
656	244.3321
657	244.3122
658	154.2324
659	179.2419
660	269.3247
661	225.2688
662	260.2898
663	275.3461
664	152.1768
665	197.2373
666	204.2697
667	206.2444
668	214.0423
669	217.2468
670	178.1677
671	259.3497
672	165.1643
673	141.1509
674	247.248
675	159.1677
676	258.3372
677	176.238
678	190.2645
679	301.7722
680	285.2617
681	266.339
682	192.1714
683	319.7626
684	301.3155
685	134.1582
686	206.2411
687	234.274
688	230.3055
689	219.2829
690	242.1803
691	195.2582
692	209.2231
693	263.2924
694	189.1937
695	222.2835
696	191.2095
697	267.3639
698	252.3125
699	281.3938
700	168.6033
701	257.3492
702	178.2108
703	235.2823
704	253.3005
705	204.2252
706	165.2322
707	246.288
708	225.3106
709	247.1352
710	265.1793
711	285.3176
712	236.3332
713	182.1597
714	246.3082
715	231.1015
716	232.2783
717	130.1249
718	211.2609
719	118.7596
720	210.2298
721	280.3427
722	217.2468
723	284.2769
724	307.391
725	276.3971
726	242.2993
727	249.3287
728	273.3548
729	321.4146
730	231.3165
731	209.2848
732	192.1943
733	230.3055
734	205.2577
735	273.3534
736	160.1955
737	205.2113
738	212.227
739	184.1657
740	219.2829
741	224.2775
742	259.3037
743	259.322
744	260.3348
745	140.123
746	208.2139
747	243.2081
748	217.2853
749	283.3251
750	247.293
751	288.3632
752	215.2511
753	227.2618
754	203.0483
755	251.2454
756	182.6299
757	248.2017
758	253.2509
759	223.3146
760	170.2152
761	167.205
762	227.0809
763	277.319
764	169.204
765	220.2709
766	235.2621
767	205.2563
768	182.1965
769	231.3119
770	306.6944
771	232.2999
772	237.2551
773	217.2899
774	233.2664
775	140.0868
776	215.1718
777	237.7084
778	244.289
779	231.3165
780	318.2156
781	259.3497
782	274.315
783	243.301
784	180.2697
785	302.4112
786	212.2685
787	259.3004
788	264.3232
789	198.2191
790	180.179
791	260.3146
792	179.1909
793	326.3136
794	140.2059
795	236.2902
796	126.1793
797	257.1916
798	205.2395
799	203.2587
800	228.3125
801	251.7349
802	183.2306
803	238.3091
804	226.2738
805	166.1603
806	208.303
807	177.226
808	285.2031
809	271.2613
810	258.2908
811	301.3635
812	272.3253
813	233.3095
814	244.289
815	127.1674
816	194.2535
817	208.2569
818	141.1509
819	271.2613
820	126.0998
821	233.3095
822	171.2199
823	265.3513
824	173.1943
825	252.3095
826	143.1667
827	313.1472
828	193.1824
829	273.2543
830	207.2321
831	301.3404
832	230.2391
833	277.362
834	231.2965
835	212.2719
836	196.6564
837	303.3066
838	233.2462
839	140.2059
840	234.231
841	261.2994
842	219.2829
843	261.2994
844	166.1772
845	192.2178
846	258.3156
847	249.2456
848	239.3107
849	308.3776
850	172.2047
851	226.2738
852	273.1415
853	276.3061
854	167.1451
855	243.3226
856	198.2419
857	275.3891
858	250.6278
859	219.2365
860	233.3124
861	192.2178
862	153.2046
863	207.2689
864	198.1923
865	240.3003
866	245.3231
867	181.2578
868	195.2582
869	217.2468
870	196.2462
871	167.1881
872	252.3326
873	215.1718
874	182.2657
875	251.735
876	143.1667
877	216.3018
878	272.3638
879	261.3225
880	211.2576
881	250.3598
882	195.1734
883	219.2829
884	192.1943
885	234.2975
886	205.2361
887	313.3908
888	259.3066
889	219.2829
890	270.2846
891	205.2563
892	256.079
893	231.2903
894	281.3552
895	241.2884
896	202.2752
897	191.1834
898	249.332
899	217.2899
900	221.2988
901	191.2095
902	205.2961
903	197.1462
904	246.3082
905	143.1667
906	228.2466
907	203.2633
908	307.3351
909	169.5913
910	201.2245
911	155.2006
912	219.2829
913	302.3251
914	182.6299
915	207.2291
916	209.2231
917	197.2741
918	219.2412
919	233.2893
920	303.308
921	273.2543
922	221.1925
923	290.3046
924	220.3137
925	241.2884
926	267.3486
927	241.2884
928	162.2114
929	238.3323
930	168.1931
931	218.2746
932	283.3251
933	250.318
934	324.301
935	138.19
936	204.2514
937	217.2899
938	152.1506
939	294.351
940	176.238
941	272.3638
942	142.1787
943	194.1772
944	206.307
945	250.2688
946	256.306
947	193.2025
948	231.3165
949	328.3624
950	235.3052
951	279.2918
952	162.1683
953	345.4161
954	235.219
955	287.2808
956	191.2327
957	243.301
958	227.2632
959	220.2475
960	206.2209