P1	180.2018	202.2322	170.1391	187.2208	140.2059	253.2509
P2	166.1603	126.1793	170.1391	177.183	217.2468	307.391
P3	194.2963	202.1924	180.2697	219.2858	256.3458	212.2519
P4	218.2746	176.238	225.2291	176.2165	231.2472	190.2431
P5	165.1954	172.2062	177.1998	156.1886	180.2018	232.2582
P6	235.2804	115.1136	207.1659	183.2107	196.6564	183.2306
P7	243.2841	295.3803	235.219	285.3176	169.204	289.3095
P8	158.1796	222.2385	213.2581	249.0352	217.2899	251.3277
P9	195.1734	138.1469	271.2182	169.2272	221.2538	181.2147
P10	192.1943	253.7078	246.245	225.2688	219.2858	192.2804
P11	222.2649	148.1848	265.7416	128.1521	212.6128	176.238
P12	162.2114	125.1084	220.0701	223.2945	270.1287	130.168
P13	162.2114	184.2154	205.2593	176.238	166.1753	190.2431
P14	196.6564	192.2125	154.2324	190.2215	301.7722	257.3338
P15	197.2373	195.1903	212.6128	216.2804	208.121	198.6293
P16	191.2095	115.1136	250.2966	176.1949	171.1784	129.1402
P17	169.204	292.3366	207.2089	205.2593	186.5937	176.238
P18	190.1817	267.3271	193.6127	266.339	190.2417	179.1909
P19	159.1677	317.3858	193.1824	252.2909	241.1074	237.3011
P20	205.2361	213.2566	214.1486	199.23	165.1643	241.1074
P21	168.259	235.2604	220.2077	168.2391	152.1768	238.266
P22	152.1487	226.0699	180.2498	157.1933	182.6299	260.3113
P23	141.174	170.1391	190.2215	223.2514	257.2676	128.109
P24	182.6299	154.2324	203.0483	226.2752	126.1793	152.1735
P25	179.1558	178.1677	126.1793	126.1362	269.2056	238.2859
P26	224.2395	198.2684	260.0548	157.1933	184.2169	231.2965
P27	307.7999	247.0578	156.2053	233.2678	202.1562	168.259
P28	233.2893	196.6564	228.2264	184.2154	151.1887	246.2847
P29	195.2413	139.135	213.2367	198.2419	213.2367	246.3278
P30	196.6134	152.1487	218.1556	191.2095	214.6469	212.6558
P31	183.2306	168.259	210.6616	142.1787	203.0483	207.2951
P32	162.2114	166.1753	245.3	222.1805	192.1943	233.2893
P33	183.2044	207.2089	205.2593	192.1943	139.135	195.1982
P34	259.3004	259.3066	217.2899	168.2391	166.2034	223.2945
P35	180.2018	239.2954	154.1665	194.2764	188.2487	169.5913
P36	211.628	217.2038	228.2728	150.1576	148.1848	178.1677
P37	248.3208	191.2095	152.1735	176.1949	212.2486	146.1689
P38	148.1848	237.3011	141.194	165.2154	166.2034	192.2605
P39	241.654	233.3124	260.3113	230.2625	243.2841	168.2391
P40	148.1848	219.2858	220.2044	180.2697	211.628	229.2608
P41	179.2419	166.2001	164.1842	222.2816	212.2701	182.2428
P42	213.6008	230.2853	287.2607	211.628	169.204	207.252
P43	169.204	140.2059	166.2034	190.2431	205.1931	188.2487
P44	172.1833	162.2114	197.2572	245.3431	196.1582	222.2666
P45	180.2018	242.2993	192.1943	251.3476	244.3152	166.2431
P46	231.0447	251.3476	219.2196	210.683	167.1881	167.2481
P47	205.2361	154.2324	260.0548	208.2038	270.2846	146.1689
P48	164.1842	177.183	192.2207	158.2012	203.0483	234.1732
P49	208.1937	231.2965	201.2044	193.1824	176.238	248.2609
P50	176.238	169.204	192.1943	186.5937	198.2022	182.6299
P51	192.1943	182.6299	231.1015	204.2911	285.3176	241.1074
P52	281.3537	180.2498	194.2963	148.1848	212.2486	212.2701
P53	255.3363	220.3336	127.1243	232.2366	182.1665	204.2314
P54	198.2419	259.2075	206.2209	198.222	202.1562	221.2587
P55	162.2114	142.1621	182.6299	264.2585	176.238	260.0548
P56	165.2153	186.5937	217.2468	278.757	237.321	180.2018
P57	212.2486	173.1943	155.1774	219.2196	205.1931	233.2847
P58	194.2284	217.2468	236.2932	295.3803	233.1086	212.2456
P59	193.1824	245.3	220.3336	183.1115	223.2977	263.2891
P60	223.3176	225.3103	166.1753	145.1396	216.2588	220.2676
P61	180.2018	142.1787	212.2189	196.6564	213.2367	237.7084
P62	190.2645	141.1509	183.2737	154.2324	218.2779	205.2593
P63	141.1509	142.2217	190.1986	194.2764	135.1463	246.3082
P64	239.2739	151.1887	157.1933	226.2752	210.3188	269.7254
P65	225.2904	248.3271	227.2632	142.1787	243.241	218.063
P66	197.1462	245.3216	237.3011	202.6842	126.1793	157.1933
P67	177.183	232.2582	168.6033	162.2114	202.1924	116.0983
P68	254.3254	259.3066	169.5913	184.2418	191.1834	187.2377
P69	174.2221	192.2374	202.1562	168.196	193.1824	155.2006
P70	205.2593	231.3165	182.2425	261.3458	176.1949	178.2538
P71	247.6817	165.1723	245.2041	230.2093	149.1729	223.3176
P72	226.6394	205.2099	198.2419	231.2965	244.3335	135.1463
P73	179.1909	194.2963	212.2486	258.0518	165.1643	206.2209
P74	234.3204	183.1548	307.391	256.3259	225.2904	226.6394
P75	177.1998	295.3803	177.1998	241.2898	161.2004	216.2157
P76	205.1931	205.2395	183.1548	240.6659	229.2608	196.6564
P77	302.2137	299.2915	179.1909	281.3537	162.2114	231.1015
P78	194.2565	233.1904	202.2752	282.7059	213.0543	220.2475
P79	168.2391	143.1667	226.0699	233.3124	173.1943	225.2688
P80	245.3	203.0483	240.2042	128.1952	202.1924	246.2847
P81	142.2217	189.2105	240.2988	150.1609	205.177	132.7862
P82	130.1249	192.1714	125.1515	177.2031	239.3107	134.1798
P83	169.204	176.238	142.1787	257.7627	264.2523	151.1457
P84	247.3159	268.287	218.2316	162.1885	208.2569	246.6937
P85	228.2728	197.2572	221.2587	389.1905	219.2858	154.2096
P86	191.2095	201.2044	257.3276	192.1943	259.3467	173.2111
P87	168.259	173.1943	196.6134	137.1622	293.3614	212.6128
P88	208.2038	229.1984	254.3085	200.2594	220.2044	181.2379
P89	150.1576	225.6777	213.0543	223.2745	221.2538	193.2685
P90	193.2486	211.2838	168.6033	252.3125	217.2468	206.2209
P91	263.3384	215.2309	252.2942	221.2355	247.4993	258.2908
P92	139.178	228.2728	188.6576	219.2858	259.3266	204.2481
P93	303.308	165.1723	181.1717	218.063	182.2856	152.1304
P94	258.3601	217.2637	191.2095	162.2114	190.2645	192.2407
P95	278.3314	235.6527	247.1537	291.3269	205.2361	219.2627
P96	154.2125	275.326	217.2468	198.6293	208.2831	185.2465
P97	171.1937	204.2514	205.2361	149.1729	140.2059	244.3122
P98	237.2982	259.3266	240.325	156.2053	166.1753	179.2419
P99	183.2537	227.2832	212.6128	168.216	220.2475	225.2688
P100	242.2993	168.259	263.2924	157.1933	170.1391	275.3461
P101	191.2095	182.2657	269.0778	183.0156	126.1793	197.2373
P102	269.3247	231.1015	248.6912	241.0644	154.1134	206.2444
P103	231.3165	263.2904	183.2107	248.2609	168.2391	217.2468
P104	233.3095	251.3476	249.2456	166.2431	240.2988	259.3497
P105	190.2645	140.123	278.3497	207.2089	245.3385	154.2324
P106	185.205	180.2018	261.0844	195.1734	271.3144	269.3247
P107	271.0904	129.1402	213.6008	227.0809	270.3263	260.2898
P108	192.2804	249.2856	169.2471	245.3431	221.3186	152.1768
P109	157.1933	262.3076	206.2209	231.3165	284.396	204.2697
P110	217.2899	213.275	183.2306	218.2734	273.2543	214.0423
P111	213.6008	219.2627	164.1842	169.204	183.2309	178.1677
P112	232.2366	152.1506	198.2419	257.3276	244.3321	165.1643
P113	141.1509	219.2829	204.2252	280.3427	205.2113	227.2618
P114	159.1677	195.2582	246.288	284.2769	184.1657	251.2454
P115	176.238	263.2924	247.1352	276.3971	224.2775	248.2017
P116	301.7722	222.2835	285.3176	249.3287	259.322	223.3146
P117	266.339	267.3639	182.1597	321.4146	140.123	167.205
P118	319.7626	281.3938	231.1015	209.2848	243.2081	277.319
P119	134.1582	257.3492	130.1249	230.3055	283.3251	220.2709
P120	234.274	235.2823	118.7596	273.3534	288.3632	205.2563
P121	247.248	242.1803	165.2322	217.2468	212.227	203.0483
P122	258.3372	209.2231	225.3106	307.391	219.2829	182.6299
P123	190.2645	189.1937	265.1793	242.2993	259.3037	253.2509
P124	285.2617	191.2095	236.3332	273.3548	260.3348	170.2152
P125	192.1714	252.3125	246.3082	231.3165	208.2139	227.0809
P126	301.3155	168.6033	232.2783	192.1943	217.2853	169.204
P127	206.2411	178.2108	211.2609	205.2577	247.293	235.2621
P128	230.3055	253.3005	210.2298	160.1955	215.2511	182.1965
P129	231.3119	302.4112	251.7349	208.2569	277.362	308.3776
P130	232.2999	259.3004	238.3091	271.2613	212.2719	226.2738
P131	217.2899	198.2191	166.1603	233.3095	303.3066	276.3061
P132	140.0868	260.3146	177.226	265.3513	140.2059	243.3226
P133	237.7084	326.3136	271.2613	252.3095	261.2994	275.3891
P134	231.3165	236.2902	301.3635	313.1472	261.2994	219.2365
P135	259.3497	257.1916	233.3095	273.2543	192.2178	192.2178
P136	243.301	203.2587	127.1674	301.3404	249.2456	207.2689
P137	306.6944	212.2685	183.2306	141.1509	231.2965	172.2047
P138	237.2551	264.3232	226.2738	126.0998	196.6564	273.1415
P139	233.2664	180.179	208.303	171.2199	233.2462	167.1451
P140	215.1718	179.1909	285.2031	173.1943	234.231	198.2419
P141	244.289	140.2059	258.2908	143.1667	219.2829	250.6278
P142	318.2156	126.1793	272.3253	193.1824	166.1772	233.3124
P143	274.315	205.2395	244.289	207.2321	258.3156	153.2046
P144	180.2697	228.3125	194.2535	230.2391	239.3107	198.1923
P145	240.3003	250.3598	191.1834	302.3251	238.3323	250.2688
P146	181.2578	219.2829	217.2899	207.2291	218.2746	193.2025
P147	217.2468	234.2975	191.2095	197.2741	250.318	328.3624
P148	167.1881	313.3908	197.1462	233.2893	138.19	279.2918
P149	215.1718	219.2829	143.1667	273.2543	217.2899	345.4161
P150	251.735	205.2563	203.2633	290.3046	294.351	287.2808
P151	216.3018	231.2903	169.5913	241.2884	272.3638	243.301
P152	261.3225	241.2884	155.2006	241.2884	194.1772	220.2475
P153	245.3231	195.1734	249.332	182.6299	168.1931	256.306
P154	195.2582	192.1943	221.2988	209.2231	283.3251	231.3165
P155	196.2462	205.2361	205.2961	219.2412	324.301	235.3052
P156	252.3326	259.3066	246.3082	303.308	204.2514	162.1683
P157	182.2657	270.2846	228.2466	221.1925	152.1506	235.219
P158	143.1667	256.079	307.3351	220.3137	176.238	191.2327
P159	272.3638	281.3552	201.2245	267.3486	142.1787	227.2632
P160	211.2576	202.2752	219.2829	162.2114	206.307	206.2209
